time,lat,lng,bearing,spd,acc,alt,accx,accy,accz,stable,
0,35.219,-97.424,0.1,13.77,3,326,-3.62,-0.483,9.235,1
1,35.219,-97.424,0.1,14.08,3,326,-3.379,-0.252,8.985,0
2,35.219,-97.424,0.1,14.3,3,326,-3.341,-0.33,8.897,0
3,35.219,-97.424,0.3,14.66,3,326,-3.42,-0.207,9.295,0
4,35.22,-97.424,0.5,14.88,3,325,-3.59,-0.429,8.981,0
5,35.22,-97.424,0.5,15.33,3,326,-3.59,-0.243,9.607,0
6,35.22,-97.424,0.5,15.66,3,326,-3.756,-0.444,9.119,0
7,35.22,-97.424,0.3,15.911,3,326,-3.751,-0.486,9.542,0
8,35.22,-97.424,0.4,16.151,3,326,-3.394,-0.644,8.786,0
9,35.22,-97.424,0.7,16.42,3,326,-3.507,-0.6,8.967,0
10,35.22,-97.424,0.5,16.75,3,326,-3.236,-0.32,9.298,0
11,35.221,-97.424,0.4,17.03,3,326,-3.103,-0.286,9.416,0
12,35.221,-97.424,0.3,16.89,3,326,-3.113,-0.644,9.15,0
13,35.221,-97.424,359.8,16.71,3,327,-2.908,-0.57,9.034,0
14,35.221,-97.424,359.2,16.69,3,328,-3.248,-0.388,9.097,0
15,35.221,-97.424,358.7,16.961,4,328,-3.576,-0.239,8.683,0
16,35.221,-97.424,358.9,17.071,4,328,-3.403,-0.333,8.708,0
17,35.222,-97.424,359.5,17.06,5,328,-3.304,-0.339,8.867,0
18,35.222,-97.424,0.6,17.1,4,328,-3.372,-0.438,8.728,0
19,35.222,-97.424,0.9,17.25,3,328,-3.21,-0.385,8.53,1
20,35.222,-97.424,0.9,17.34,3,328,-3.296,-0.534,8.984,1
21,35.222,-97.424,0.5,17.55,3,328,-3.328,-0.553,8.797,1
22,35.222,-97.424,0.3,17.62,3,329,-3.037,-0.131,8.988,1
23,35.223,-97.424,0.4,17.47,3,329,-3.285,-0.36,9.224,1
24,35.223,-97.424,0.9,17.49,3,330,-3.398,-0.255,9.15,1
25,35.223,-97.424,1.4,17.57,3,330,-3.246,-0.297,8.899,1
26,35.223,-97.424,1.3,17.661,3,330,-3.291,-0.629,8.992,1
27,35.223,-97.424,1,17.87,3,330,-3.288,-0.501,9.342,1
28,35.223,-97.424,0.8,18.03,3,330,-3.251,-0.391,9.209,1
29,35.224,-97.424,0.6,18.081,3,331,-3.332,-0.448,9.305,1
30,35.224,-97.424,0.7,18.16,3,331,-3.299,-0.403,9.185,1
32,35.224,-97.424,0.7,18.26,3,331,-3.305,-0.471,9.051,1
32,35.224,-97.424,0.7,18.26,3,331,-3.305,-0.471,9.051,1
33,35.224,-97.424,0.5,18.38,3,331,-3.301,-0.519,9.113,1
34,35.224,-97.424,0.3,18.49,3,331,-3.332,-0.467,9.326,1
35,35.224,-97.424,0.3,18.6,3,331,-3.276,-0.471,8.948,1
36,35.225,-97.424,0.2,18.761,3,331,-3.303,-0.365,8.863,1
37,35.225,-97.424,0.3,18.81,3,332,-2.93,-0.281,9.337,1
38,35.225,-97.424,0.6,18.5,3,332,-3.003,-0.331,9.267,1
39,35.225,-97.424,0.3,18.29,3,332,-3.034,-0.335,9.14,1
40,35.225,-97.424,0.3,18.04,3,332,-3.049,-0.37,9.031,1
41,35.225,-97.424,0.2,17.9,3,332,-3.061,-0.258,9.04,1
42,35.226,-97.424,359.9,17.851,3,333,-3.186,-0.235,9.023,1
43,35.226,-97.424,0.3,17.88,3,333,-3.279,-0.433,9.157,1
44,35.226,-97.424,0.5,17.9,3,333,-3.253,-0.401,8.872,1
45,35.226,-97.424,0.3,17.97,3,333,-3.317,-0.407,9.089,1
46,35.226,-97.424,0.3,18.11,3,333,-3.3,-0.415,9.281,1
47,35.226,-97.424,0.4,18.22,3,333,-3.186,-0.396,8.892,1
48,35.227,-97.424,0.2,18.431,3,334,-3.282,-0.319,9.085,1
49,35.227,-97.424,0.6,18.48,3,333,-3.201,-0.452,9.065,1
50,35.227,-97.424,0.5,18.671,3,332,-3.201,-0.526,9.122,1
51,35.227,-97.424,0.5,18.89,3,332,-2.867,-0.271,9.05,1
52,35.227,-97.424,0.2,18.71,3,332,-2.79,-0.117,8.989,1
53,35.227,-97.424,0.3,18.53,3,332,-2.973,-0.164,9.207,1
54,35.228,-97.424,0.3,18.05,3,332,-3.108,-0.299,8.907,1
55,35.228,-97.424,0.5,17.96,3,331,-3.064,-0.332,9.148,1
56,35.228,-97.424,0.8,17.93,3,331,-2.906,-0.313,9.12,1
57,35.228,-97.424,0.5,17.67,3,332,-3.056,-0.416,9.018,1
58,35.228,-97.423,0.4,17.46,3,331,-3.112,-0.547,9.214,1
59,35.228,-97.423,359.8,17.53,3,332,-3.188,-0.521,9.188,1
60,35.229,-97.424,359.2,17.691,3,332,-3.238,-0.358,9.18,1
61,35.229,-97.424,358.9,17.47,3,332,-3.332,-0.285,9.192,1
62,35.229,-97.424,359.3,17.43,3,332,-3.359,-0.064,9.338,1
63,35.229,-97.424,359.9,17.48,3,332,-3.273,-0.219,9.043,1
64,35.229,-97.424,0.5,17.43,3,333,-3.407,-0.481,9.239,1
65,35.229,-97.424,0.6,17.641,3,333,-3.337,-0.379,8.97,1
66,35.23,-97.424,0.5,17.46,3,333,-3.279,-0.325,9.062,1
67,35.23,-97.424,0.5,17.86,3,332,-3.222,-0.402,9.126,0
68,35.23,-97.424,0.5,17.93,3,332,-3.339,-0.49,9.139,0
69,35.23,-97.424,0.5,18.05,3,332,-2.968,-0.395,9.375,0
70,35.23,-97.424,0.6,18,3,332,-2.978,-0.177,9.124,0
71,35.23,-97.424,0.6,17.76,3,332,-2.924,-0.109,9.205,0
72,35.23,-97.424,0.7,17.7,3,331,-2.739,-0.138,9.093,0
73,35.231,-97.424,0.8,17.41,3,331,-3.064,-0.088,9.132,0
74,35.231,-97.424,0.9,17.13,3,331,-3.058,-0.117,9.123,1
75,35.231,-97.424,1.1,16.95,3,331,-3.05,-0.22,8.981,1
76,35.231,-97.424,1,16.87,3,331,-2.927,-0.177,9.175,1
77,35.231,-97.423,1,16.69,3,330,-2.653,-0.147,8.953,1
78,35.232,-97.423,1.1,16.49,3,330,-3.835,-0.231,10.501,0
79,35.232,-97.423,1.2,16.61,3,330,-3.336,-0.406,9.052,0
80,35.232,-97.423,1,16.87,3,330,-3.305,-0.519,9.086,0
81,35.232,-97.423,0.9,17.08,3,331,-3.42,-0.56,9.295,0
82,35.232,-97.423,0.9,17.261,3,332,-3.281,-0.461,8.806,0
83,35.232,-97.423,0.7,17.471,3,332,-3.524,-0.521,9.432,0
84,35.232,-97.423,0.5,17.731,3,333,-3.401,-0.294,8.844,0
85,35.233,-97.423,0.5,18.041,3,333,-3.581,-0.361,9.453,0
86,35.233,-97.423,0.4,18.091,3,333,-3.082,-0.347,9.205,0
87,35.233,-97.423,0.4,17.89,3,333,-3.271,-0.184,9.23,0
88,35.233,-97.423,0.4,18.01,3,333,-3.61,-0.359,8.755,0
89,35.233,-97.423,0.3,18.48,3,333,-3.841,-0.617,8.766,0
90,35.233,-97.423,0.4,19.06,3,333,-3.818,-0.504,9.038,0
92,35.234,-97.423,0.1,19.49,3,333,-3.142,-0.456,8.865,0
92,35.234,-97.423,0.1,19.49,3,333,-3.142,-0.456,8.865,0
93,35.234,-97.423,359.7,19.91,3,334,-3.055,-0.362,8.955,0
94,35.234,-97.423,359.3,19.71,3,333,-2.954,-0.366,8.989,1
95,35.234,-97.423,358.8,19.73,3,333,-3.012,-0.382,8.946,1
96,35.234,-97.423,358.6,19.79,3,334,-3.22,-0.396,9.193,1
97,35.235,-97.423,358.5,20.04,3,334,-3.24,-0.339,9.292,1
98,35.235,-97.424,358.6,20.22,3,334,-3.161,-0.416,8.919,1
99,35.235,-97.424,358.4,20.44,3,333,-3.083,-0.145,8.919,1
100,35.235,-97.424,358.5,20.54,3,333,-2.892,-0.031,9.113,1
101,35.235,-97.424,358.7,20.29,3,333,-2.697,0.084,9.387,1
102,35.235,-97.424,359.1,20.03,3,333,-2.092,0.356,9.443,1
103,35.236,-97.424,359.5,18.9,3,333,-1.958,0.261,9.647,1
104,35.236,-97.424,359.6,17.72,3,332,-2.408,0.105,9.255,1
105,35.236,-97.424,359.6,17.02,3,333,-1.8,0.346,9.182,1
106,35.236,-97.424,359.3,15.83,3,333,-1.917,0.174,9.66,1
107,35.236,-97.424,359,14.53,3,333,-2.439,-0.057,9.6,1
108,35.236,-97.424,359.2,13.78,3,333,-2.415,-0.034,9.282,1
109,35.236,-97.424,359.3,12.93,4,333,-2.481,0.012,9.481,1
110,35.237,-97.424,359.5,12.161,4,333,-2.015,0.244,9.717,1
111,35.237,-97.424,359.4,10.66,4,334,-1.765,0.33,9.676,0
112,35.237,-97.424,359.3,9.04,4,333,-2.163,0.14,9.532,0
113,35.237,-97.424,359.5,7.9402,3,334,-1.961,0.308,9.518,0
114,35.237,-97.424,359,6.78,4,334,-2.017,0.211,9.491,0
115,35.237,-97.424,359.4,5.44,3,334,-1.825,0.319,9.605,0
116,35.237,-97.424,359,3.8919,3,333,-1.999,0.264,9.472,0
117,35.237,-97.424,359.2,2.5805,3,333,-2.088,0.229,9.519,0
118,35.237,-97.424,359.3,1.3002,3,333,-2.531,0.038,9.375,1
119,35.237,-97.424,359.3,1.3002,3,333,-2.857,-0.094,9.182,1
120,35.237,-97.424,359,0.15811,3,332,-3.05,-0.205,9.22,1
121,35.237,-97.424,359,0.15811,3,332,-3.589,-0.482,8.952,1
122,35.237,-97.424,359,0.15811,3,332,-5.384,-1.648,8.214,1
123,35.237,-97.424,359.3,2.7401,3,331,-5.197,-1.499,8.397,1
124,35.237,-97.424,359.4,5.1405,3,331,-4.853,-1.42,8.602,0
125,35.237,-97.424,359.8,6.8403,3,330,-4.404,-1.296,8.55,0
126,35.237,-97.424,359.6,8.28,3,330,-4.117,-0.989,8.72,0
127,35.237,-97.424,359.8,8.6639,4,330,-4.056,-0.961,8.811,0
128,35.237,-97.424,359.8,10.51,3,331,-4.12,-0.936,8.607,0
129,35.237,-97.424,359.8,12,3,331,-4.115,-1.062,8.78,0
130,35.238,-97.424,359.7,13.01,3,331,-4.058,-1.093,8.622,0
131,35.238,-97.424,359.6,13.98,3,330,-3.917,-1.029,8.648,1
132,35.238,-97.424,359.5,14.891,3,330,-4.104,-0.963,8.884,1
133,35.238,-97.424,359.4,15.63,3,331,-4.154,-1.041,8.693,1
134,35.238,-97.424,359.5,16.681,3,331,-4.133,-0.972,8.865,1
135,35.238,-97.424,359.4,17.961,3,331,-4.041,-0.942,8.69,1
136,35.238,-97.424,359.4,17.881,3,332,-3.577,-0.719,8.938,1
137,35.239,-97.424,359.4,19.29,3,333,-3.514,-0.639,9.045,1
138,35.239,-97.424,359.4,19.93,3,333,-3.416,-0.651,9.031,1
139,35.239,-97.424,359.7,20.191,3,334,-3.055,-0.435,8.999,1
140,35.239,-97.424,359.7,20.201,3,334,-3.236,-0.552,8.963,1
141,35.24,-97.424,359.7,20.121,3,335,-3.228,-0.451,8.857,1
142,35.24,-97.424,359.7,20.281,3,335,-3.319,-0.615,8.888,1
143,35.24,-97.424,359.7,20.231,3,335,-2.907,-0.422,9.028,1
144,35.24,-97.424,359.4,20.021,3,336,-3.18,-0.521,9.444,1
145,35.24,-97.424,359.4,19.771,3,336,-3.16,-0.534,8.856,1
146,35.24,-97.424,359.5,19.87,3,336,-3.315,-0.518,8.73,1
147,35.241,-97.424,359.6,20.031,3,336,-3.245,-0.484,8.937,1
148,35.241,-97.424,359.7,20.191,3,336,-3.322,-0.514,8.906,1
149,35.241,-97.424,359.8,20.441,3,336,-3.259,-0.572,8.798,1
150,35.241,-97.424,359.8,20.65,3,337,-3.188,-0.535,8.866,1
151,35.241,-97.424,359.8,20.93,3,337,-3.183,-0.505,8.868,1
152,35.242,-97.424,359.7,21.07,3,337,-2.757,-0.272,8.88,1
153,35.242,-97.424,359.6,21.05,3,338,-2.803,-0.234,9.133,1
154,35.242,-97.424,359.6,20.84,3,338,-2.794,-0.248,9.16,1
155,35.242,-97.424,359.8,20.83,3,338,-2.88,-0.349,9.303,1
157,35.242,-97.424,359.6,20.561,3,337,-2.858,-0.329,9.234,1
157,35.242,-97.424,359.6,20.561,3,337,-2.858,-0.329,9.234,1
158,35.242,-97.424,359.4,20.82,3,337,-2.997,-0.36,9.29,1
159,35.243,-97.424,359.4,20.93,3,336,-2.94,-0.365,9.168,1
160,35.243,-97.424,359.4,20.621,3,335,-2.879,-0.053,9.245,1
161,35.243,-97.424,359.9,20.76,3,334,-2.912,-0.119,9.224,1
162,35.243,-97.424,0.2,20.091,3,332,-2.885,-0.183,9.323,1
163,35.243,-97.424,0.4,20.16,3,332,-2.834,-0.127,9.241,1
164,35.244,-97.424,0.4,20.04,3,332,-2.943,0.029,9.306,1
165,35.244,-97.424,0.9,19.74,3,333,-3.005,-0.207,9.132,1
166,35.244,-97.424,0.9,19.67,3,333,-3.017,-0.335,8.923,1
167,35.244,-97.424,1.3,19.41,3,332,-3.021,-0.334,9.087,1
168,35.244,-97.424,1.4,19.47,3,332,-3.071,-0.273,9.084,1
169,35.244,-97.424,1.3,19.38,3,332,-3.188,-0.438,9.256,1
170,35.245,-97.424,1.4,19.41,3,332,-3.274,-0.507,9.057,1
171,35.245,-97.424,1.6,19.44,3,332,-3.322,-0.485,9.183,1
172,35.245,-97.424,1.9,19.562,3,332,-3.271,-0.557,9.277,1
173,35.245,-97.424,2,19.543,3,333,-2.895,-0.284,9.213,1
174,35.245,-97.424,2.1,19.125,3,334,-2.745,-0.225,8.769,1
175,35.245,-97.424,2.2,18.523,3,334,-2.827,-0.214,9.11,1
176,35.246,-97.424,2.4,17.982,3,335,-2.851,-0.33,8.928,1
177,35.246,-97.424,2.5,17.48,3,335,-2.872,-0.453,9.284,1
178,35.246,-97.424,2.5,17.111,3,335,-2.681,-0.323,9.071,1
179,35.246,-97.424,2.4,16.67,3,336,-2.71,-0.325,8.97,1
180,35.246,-97.424,2.4,16.39,3,335,-2.821,-0.308,9.089,1
181,35.246,-97.424,2.2,16.18,3,335,-2.06,0.026,9.329,1
182,35.247,-97.423,2.2,15.62,3,335,-1.362,0.151,9.585,1
183,35.247,-97.423,1.1,14.271,3,336,-1.368,0.203,9.672,1
184,35.247,-97.423,0.3,12.372,3,335,-1.44,0.328,9.738,0
185,35.247,-97.423,359.8,11.33,3,335,-1.001,0.637,9.858,0
186,35.247,-97.423,359.3,9.1204,3,335,-1.062,0.605,9.858,0
187,35.247,-97.423,359.2,6.82,3,335,-1.536,0.462,9.623,0
188,35.247,-97.423,359.6,5.1005,3,335,-2.047,0.192,9.546,0
189,35.247,-97.423,359.6,4.17,3,335,-1.999,0.198,9.457,0
190,35.247,-97.423,359.4,3.2801,3,335,-2.011,0.164,9.507,0
191,35.247,-97.423,358.9,2.5902,3,335,-1.895,0.212,9.565,0
192,35.247,-97.423,359.8,1.3606,3,335,-2.12,0.067,9.453,0
193,35.247,-97.423,359.8,1.3606,3,335,-2.377,-0.052,9.546,0
194,35.247,-97.423,359.8,1.3606,3,335,-2.623,-0.187,9.462,1
195,35.247,-97.423,359.8,1.3606,3,335,-2.679,-0.234,9.26,1
196,35.247,-97.423,359.8,1.3606,3,335,-2.843,-0.326,9.228,1
197,35.247,-97.423,359.8,1.3606,3,335,-4.768,-1.373,8.426,1
198,35.247,-97.423,359.8,0.90355,3,334,-4.855,-1.405,8.44,1
199,35.247,-97.423,358.7,3.6639,3,335,-4.704,-1.369,8.559,1
200,35.247,-97.423,358.3,6.195,3,334,-4.422,-1.356,8.694,1
201,35.247,-97.423,358,8.4819,3,334,-4.235,-1.01,8.828,1
202,35.247,-97.423,358,10.312,3,334,-4.003,-0.855,8.78,1
203,35.248,-97.424,357.8,12.033,3,333,-4.073,-0.845,8.866,1
204,35.248,-97.424,357.7,13.213,3,332,-3.812,-0.847,9.035,1
205,35.248,-97.424,357.7,14.502,3,332,-3.936,-1.199,9.32,0
206,35.248,-97.424,357.4,15.901,3,332,-3.552,-0.987,9.288,0
207,35.248,-97.424,355.8,17.54,3,333,-3.354,-0.448,9.162,0
208,35.248,-97.424,355.8,17.96,3,332,-3.52,-0.551,9.048,0
209,35.248,-97.424,355.8,17.96,3,332,-3.596,-0.313,9.13,0
210,35.249,-97.424,357.2,18.821,3,332,-3.566,-0.328,9.009,0
211,35.249,-97.424,357.9,18.97,3,332,-3.45,-0.486,9.048,0
212,35.249,-97.424,358.1,19.083,3,333,-3.533,-0.609,8.932,1
213,35.249,-97.424,358.3,19.303,3,332,-3.465,-0.559,8.961,1
214,35.25,-97.424,358.5,19.552,3,332,-3.617,-0.549,8.747,1
215,35.25,-97.424,358.4,19.771,3,333,-3.402,-0.612,8.786,1
216,35.25,-97.424,358.2,20.34,3,333,-3.347,-0.614,9.166,1
217,35.25,-97.424,358.2,20.59,3,333,-3.003,-0.322,8.932,1
218,35.25,-97.424,358.3,20.59,3,333,-3,-0.066,8.948,1
219,35.25,-97.424,358.8,20.97,3,333,-3.034,-0.318,9.164,1
221,35.251,-97.424,359,21.07,3,333,-3.15,-0.409,9.141,1
221,35.251,-97.424,359,21.07,3,333,-3.15,-0.409,9.141,1
222,35.251,-97.424,359.5,21.04,3,331,-3.029,-0.469,9.378,1
223,35.251,-97.424,359.8,21.15,3,331,-2.773,-0.398,9.604,0
224,35.251,-97.424,359.7,20.92,3,331,-2.816,-0.367,9.378,0
225,35.251,-97.424,359.8,20.64,3,331,-3.1,-0.456,9.615,0
226,35.252,-97.424,0,20.421,3,332,-3.171,-0.367,9.102,0
227,35.252,-97.424,0.2,20.302,3,332,-3.064,-0.443,9.287,0
228,35.252,-97.424,0.2,20.024,3,332,-3.155,-0.523,9.275,0
229,35.252,-97.424,0,19.727,3,333,-3.084,-0.427,9.118,0
230,35.252,-97.424,0.2,19.436,3,333,-3.21,-0.421,8.92,0
231,35.252,-97.424,0,19.268,3,334,-3.569,-0.513,9.014,0
232,35.253,-97.424,0.3,19.306,3,335,-3.619,-0.387,8.883,0
233,35.253,-97.424,358.5,18.55,3,334,-3.594,-0.464,8.85,1
234,35.253,-97.424,1.5,19.281,3,335,-3.475,-0.575,8.853,1
235,35.253,-97.424,1.2,19.525,3,336,-3.486,-0.792,8.85,1
236,35.253,-97.424,1,19.763,3,336,-3.436,-0.806,8.891,1
237,35.253,-97.424,0.4,20.052,3,336,-3.646,-0.808,8.658,1
238,35.254,-97.424,0.1,20.422,3,337,-3.685,-0.802,9.023,1
239,35.254,-97.424,0,20.782,3,337,-3.031,-0.423,8.858,1
240,35.254,-97.424,359.8,20.802,3,337,-3.057,-0.291,8.894,1
241,35.254,-97.424,359.7,20.621,3,338,-3.169,-0.374,8.92,1
242,35.254,-97.424,359.7,20.69,3,338,-3.137,-0.298,9.027,1
243,35.255,-97.424,359.6,20.64,3,338,-2.86,-0.42,8.701,1
244,35.255,-97.424,359.5,20.76,3,338,-3.068,-0.398,8.963,1
245,35.255,-97.424,359.1,20.75,3,338,-3.039,-0.412,8.998,1
246,35.255,-97.424,359,20.76,3,338,-3.111,-0.432,8.912,1
247,35.255,-97.424,358.7,21.11,3,337,-3.225,-0.503,8.776,1
248,35.256,-97.424,358.7,21.76,3,337,-3.015,-0.288,9.165,1
249,35.256,-97.424,358.6,21.762,3,335,-2.854,-0.112,8.955,1
250,35.256,-97.424,358.9,21.951,3,335,-2.863,-0.134,9.214,1
251,35.256,-97.424,359.4,21.932,3,335,-2.708,-0.14,8.887,1
252,35.256,-97.424,359.6,21.663,3,334,-3.059,-0.349,9.241,1
253,35.257,-97.424,359.6,21.901,3,334,-3.034,-0.278,9.011,1
254,35.257,-97.424,359.6,22.291,3,334,-2.898,-0.264,8.902,1
255,35.257,-97.424,359.8,22.391,3,332,-2.857,-0.273,9.029,1
256,35.257,-97.424,359.7,22.391,3,331,-2.823,-0.251,8.999,1
257,35.257,-97.424,359.6,22.51,3,331,-2.725,-0.125,9.118,1
258,35.258,-97.424,359.4,22.531,3,330,-2.764,-0.221,8.932,0
259,35.258,-97.424,359.3,22.52,3,330,-2.812,-0.241,9.114,0
260,35.258,-97.424,359.3,22.421,3,329,-2.867,-0.306,9.259,0
261,35.258,-97.424,359.4,22.441,3,329,-2.668,-0.215,8.993,0
262,35.258,-97.424,359.5,22.601,3,329,-2.748,-0.029,9.174,0
263,35.259,-97.424,359.4,22.622,3,328,-2.808,-0.159,9.274,0
264,35.259,-97.424,359.5,22.741,3,328,-2.797,-0.115,9.369,0
265,35.259,-97.424,359.5,22.79,3,328,-2.778,-0.181,9.253,1
266,35.259,-97.424,359.8,23.2,3,327,-2.783,-0.28,9.334,1
267,35.259,-97.424,359.6,22.791,3,326,-2.849,-0.34,9.133,1
268,35.26,-97.424,359.5,22.641,3,325,-1.759,0.381,9.582,1
269,35.26,-97.424,359.5,21.961,3,325,-1.682,0.51,9.799,0
270,35.26,-97.424,359.8,20.69,3,325,-1.717,0.465,9.902,0
271,35.26,-97.424,0.4,17.721,3,323,-2.2,0.056,9.412,0
272,35.26,-97.424,0.3,17.13,3,321,-2.757,-0.262,9.332,0
273,35.261,-97.424,0.2,17.11,3,321,-2.691,-0.345,9.094,0
274,35.261,-97.424,0.1,16.641,3,319,-2.068,0.1,9.695,0
275,35.261,-97.424,0,15.961,3,319,-2.722,-0.174,9.123,0
276,35.261,-97.424,0,15.91,3,319,-3.153,-0.537,9.025,0
277,35.261,-97.424,359.9,16.201,3,318,-3.359,-0.689,9.065,0
278,35.261,-97.424,359.8,16.551,3,318,-3.362,-0.712,9.042,1
279,35.261,-97.424,359.6,17.22,3,318,-3.271,-0.707,9.099,1
280,35.262,-97.424,359.3,17.53,3,317,-2.913,-0.288,9.135,1
281,35.262,-97.424,359.4,17.5,3,317,-3.172,-0.373,9.508,0
282,35.262,-97.424,359.6,17.77,3,316,-3.034,-0.149,9.248,0
283,35.262,-97.424,0.1,17.77,3,317,-3.318,-0.534,8.786,0
284,35.262,-97.424,0.2,18.23,3,317,-3.264,-0.646,8.907,0
285,35.262,-97.424,0,18.46,3,317,-3.387,-0.603,9.112,0
287,35.263,-97.424,359.7,18.311,3,316,-3.527,-0.737,9.112,0
287,35.263,-97.424,359.7,18.311,3,316,-3.527,-0.737,9.112,0
288,35.263,-97.424,359.5,19.2,3,315,-3.55,-0.592,8.894,0
289,35.263,-97.424,359.6,19.911,3,315,-3.381,-0.673,8.991,0
290,35.263,-97.424,359.6,20.76,3,315,-3.243,-0.366,8.66,1
291,35.263,-97.424,359.8,21.271,3,314,-3.2,-0.283,9.146,1
292,35.263,-97.424,359.3,21.51,3,313,-3.332,-0.249,9.027,1
293,35.264,-97.424,0,21.59,3,313,-3.445,-0.457,9.219,1
294,35.264,-97.424,0.9,22.411,3,312,-3.456,-0.644,9.3,0
295,35.264,-97.424,0.9,22.57,4,312,-2.987,-0.696,9.218,0
296,35.264,-97.424,1.8,22.15,4,312,-3.139,-0.726,9.212,0
297,35.265,-97.424,0.1,22.81,3,312,-3.199,-0.745,9.022,0
298,35.265,-97.424,359.7,22.99,3,312,-3.443,-0.76,9.28,0
299,35.265,-97.424,359.4,23.221,3,312,-3.498,-0.83,9.236,0
300,35.265,-97.424,359.3,23.364,3,311,-3.471,-0.575,9.225,0
301,35.265,-97.424,359.3,23.445,3,312,-3.365,-0.702,9.115,0
302,35.266,-97.424,359.5,23.494,3,313,-3.311,-0.517,9.128,0
303,35.266,-97.424,359.9,23.364,3,313,-2.897,-0.18,8.897,0
304,35.266,-97.424,0.3,22.843,3,313,-2.854,-0.415,8.803,0
305,35.266,-97.424,0.4,22.552,3,314,-3.088,-0.666,9.04,0
306,35.266,-97.424,0.2,22.49,3,314,-3.031,-0.725,9.069,0
307,35.267,-97.424,359.9,22.52,3,315,-2.992,-0.573,8.984,0
308,35.267,-97.424,359.8,22.74,3,315,-3.048,-0.577,9.076,1
309,35.267,-97.424,359.9,22.85,3,314,-3.124,-0.436,9.271,1
310,35.267,-97.424,359.9,23.82,3,314,-2.923,-0.425,9.376,1
311,35.267,-97.424,0.1,23.31,3,314,-2.938,-0.486,9.328,0
312,35.268,-97.424,0.1,22.69,3,315,-2.971,-0.519,9.413,0
313,35.268,-97.424,0,22.48,3,315,-3.017,-0.471,9.512,0
314,35.268,-97.424,0,22.272,3,316,-3.142,-0.52,9.354,0
315,35.268,-97.424,0,22.013,3,316,-3.055,-0.389,9.005,0
316,35.268,-97.424,0.3,21.714,3,317,-3.12,-0.556,8.886,0
317,35.269,-97.424,0.2,21.433,3,317,-3.151,-0.512,8.893,0
318,35.269,-97.424,0.1,21.272,3,316,-3.155,-0.426,8.739,0
319,35.269,-97.424,0.3,21.17,3,317,-3.011,-0.621,8.946,0
320,35.269,-97.424,0.3,21.27,3,317,-3.09,-0.52,8.998,0
321,35.269,-97.424,0,21.42,3,317,-2.973,-0.456,9,1
322,35.27,-97.424,359.9,21.42,3,317,-2.779,-0.272,9.047,1
323,35.27,-97.424,359.8,21.75,3,317,-2.913,-0.312,9.097,1
324,35.27,-97.424,0.1,21.59,3,318,-3.04,-0.232,9.301,1
325,35.27,-97.424,0.1,21.921,3,318,-2.868,-0.303,9.188,1
326,35.27,-97.424,0,22.222,3,317,-2.743,-0.183,9.317,1
327,35.271,-97.424,0.1,22.432,3,316,-2.673,-0.108,9.164,1
328,35.271,-97.424,0.1,22.493,3,315,-2.797,-0.089,9.176,1
329,35.271,-97.424,0.2,22.722,3,313,-2.961,-0.194,9.317,1
330,35.271,-97.424,0.2,22.883,3,312,-2.798,-0.212,9.177,1
331,35.271,-97.424,0.3,22.906,3,310,-2.862,-0.308,9.115,1
332,35.272,-97.424,0.4,23.264,3,310,-2.802,-0.223,9.187,1
333,35.272,-97.424,0.5,23.445,3,309,-2.885,-0.318,9.363,1
334,35.272,-97.424,0.5,23.644,3,307,-2.733,-0.521,9.365,1
335,35.272,-97.424,0.4,23.862,3,306,-2.731,-0.249,9.324,0
336,35.272,-97.424,0.1,24.101,3,306,-2.877,-0.241,9.445,0
337,35.273,-97.424,0.2,23.66,3,306,-2.868,-0.448,9.483,0
338,35.273,-97.424,359.7,23.73,3,306,-2.705,-0.15,9.291,0
339,35.273,-97.424,359.7,23.73,3,306,-2.76,-0.028,9.389,0
340,35.274,-97.424,359.6,23.1,3,306,-2.868,-0.048,9.225,0
341,35.274,-97.424,359.9,22.65,3,305,-3.006,0.09,9.015,0
342,35.274,-97.424,0.4,22.26,3,305,-2.813,-0.096,9.244,0
343,35.274,-97.424,0.4,21.861,3,305,-2.779,-0.056,9.107,0
344,35.274,-97.424,0.3,21.48,3,304,-3.001,-0.273,9.667,0
345,35.275,-97.424,0.6,21.2,3,304,-2.796,0.088,9.229,0
346,35.275,-97.424,1,20.42,3,304,-1.738,0.29,9.634,0
347,35.275,-97.424,1.2,18.982,3,303,-1.519,0.265,9.708,0
348,35.275,-97.424,1.1,17.83,3,303,-1.531,0.342,9.878,0
349,35.275,-97.424,0.9,15.76,3,302,-1.287,0.674,10.102,0
350,35.275,-97.424,1.2,13.73,3,302,-1.126,0.732,9.976,0
351,35.275,-97.424,3.5,13.02,3,301,-1.235,0.565,9.996,0
353,35.275,-97.424,1.3,9.48,3,301,-2.147,0.087,9.429,0
353,35.275,-97.424,1.3,9.48,3,301,-2.147,0.087,9.429,0
354,35.276,-97.424,1.6,8.9,3,301,-2.468,-0.156,9.207,0
355,35.276,-97.424,1.4,8.21,3,301,-2.331,0.086,9.368,0
356,35.276,-97.424,1.2,7.24,3,301,-2.348,-0.065,9.361,0
357,35.276,-97.424,1.4,6.4301,3,301,-2.459,-0.148,9.279,0
358,35.276,-97.424,1.1,5.6715,3,301,-2.529,-0.188,9.334,0
359,35.276,-97.424,0.3,4.89,3,300,-2.57,-0.124,9.352,0
360,35.276,-97.424,0,4.31,3,300,-2.619,-0.139,9.364,1
361,35.276,-97.424,0,3.7802,3,301,-2.558,-0.103,9.307,1
362,35.276,-97.424,0.6,3.2003,3,300,-2.63,-0.145,9.327,1
363,35.276,-97.424,6.2,3.4428,3,300,-2.406,-0.04,9.405,1
364,35.276,-97.424,2,2.2091,3,300,-2.769,-0.269,9.289,1
365,35.276,-97.424,1.2,1.6061,3,301,-2.689,-0.198,9.474,1
366,35.276,-97.424,0.1,0.92049,3,301,-2.445,-0.063,9.363,1
367,35.276,-97.424,0.1,0.92049,3,301,-2.938,-0.352,9.131,1
368,35.276,-97.424,0.1,0.92049,3,301,-3.054,-0.437,9.203,1
369,35.276,-97.424,0.1,0.92049,3,301,-3.069,-0.445,9.108,1
370,35.276,-97.424,0,0,3,302,-3.065,-0.447,9.139,1
371,35.276,-97.424,0,0,3,302,-3.069,-0.444,9.149,1
372,35.276,-97.424,0,0,3,302,-3.068,-0.438,9.099,1
373,35.276,-97.424,0,0,3,302,-3.065,-0.445,9.148,1
374,35.276,-97.424,0,0,3,302,-3.067,-0.442,9.16,1
375,35.276,-97.424,0,0,3,302,-3.287,-0.576,9.109,1
376,35.276,-97.424,0,0,3,302,-3.383,-0.615,9.02,1
377,35.276,-97.424,0.1,0.58,3,302,-4.305,-1.084,8.669,1
378,35.276,-97.424,359.8,1.62,3,302,-4.357,-1.159,8.59,1
379,35.276,-97.424,0.1,3.21,3,302,-4.484,-1.203,8.608,1
380,35.276,-97.424,359.9,4.83,3,302,-4.385,-1.209,8.594,1
381,35.276,-97.424,0.2,6.41,3,303,-4.057,-0.983,8.876,1
382,35.276,-97.424,0,7.68,3,303,-4.165,-0.979,8.68,1
383,35.276,-97.424,0,8.74,3,304,-4.14,-1.03,8.715,1
384,35.276,-97.424,359.9,9.8702,3,304,-4.106,-1.132,8.593,1
385,35.276,-97.424,359.7,11.19,3,304,-4.282,-1.071,8.635,1
386,35.277,-97.424,359.5,12.47,3,303,-4.393,-1.133,8.695,1
387,35.277,-97.424,359.3,13.84,3,303,-4.285,-1.105,8.776,1
388,35.277,-97.424,359.2,15.2,3,304,-4.237,-1.113,8.626,1
389,35.277,-97.424,358.9,16.441,3,303,-4.343,-1.128,8.78,1
390,35.277,-97.424,359,17.77,3,303,-4.204,-0.926,8.992,0
391,35.277,-97.424,359.2,18.801,3,304,-3.864,-0.851,8.944,0
392,35.278,-97.424,359.7,19.442,3,304,-3.864,-0.859,8.925,0
393,35.278,-97.424,0.2,19.901,3,305,-3.841,-0.869,9.043,0
394,35.278,-97.424,0.3,20.351,3,305,-3.788,-0.934,9.135,0
395,35.278,-97.424,0.8,20.79,3,305,-3.782,-0.721,8.776,0
396,35.278,-97.424,0.7,21.16,3,305,-3.821,-0.881,8.756,0
397,35.278,-97.424,0.9,21.511,3,305,-3.509,-0.842,9.017,0
398,35.279,-97.424,0.9,21.85,3,305,-3.364,-0.686,9.239,0
399,35.279,-97.424,1,21.68,3,305,-3.395,-0.708,8.804,1
400,35.279,-97.424,0.8,21.62,3,306,-3.489,-0.592,8.806,1
401,35.279,-97.424,0.9,21.65,3,307,-3.371,-0.49,8.824,1
402,35.279,-97.424,1.1,21.691,3,307,-3.56,-0.796,8.86,1
403,35.28,-97.424,1.3,21.87,3,306,-3.542,-0.754,8.636,1
404,35.28,-97.424,0.3,22.621,3,307,-3.272,-0.636,8.852,1
405,35.28,-97.424,0.2,22.821,3,307,-3.158,-0.698,8.786,1
406,35.28,-97.424,0,23.09,3,308,-3.268,-0.719,8.872,1
407,35.281,-97.424,359.8,23.19,3,308,-2.829,-0.536,9.167,1
408,35.281,-97.424,359.7,22.97,3,309,-2.948,-0.572,9.179,1
409,35.281,-97.424,359.8,22.93,3,309,-3.043,-0.535,9.296,1
410,35.281,-97.424,359.9,22.86,3,309,-2.821,-0.385,9.087,1
411,35.281,-97.424,0,22.55,3,309,-2.747,-0.359,9.389,1
412,35.282,-97.424,0,22.22,3,310,-2.769,-0.222,9.173,1
413,35.282,-97.424,0.1,21.8,3,310,-3.059,-0.488,9.135,1
414,35.282,-97.424,0.1,21.83,3,310,-3.136,-0.449,9.105,1
415,35.282,-97.424,0.1,22.1,3,310,-3.391,-0.671,9.089,1
416,35.282,-97.424,359.9,22.34,3,311,-3.131,-0.533,8.907,1
417,35.283,-97.424,359.9,22.59,3,311,-3.144,-0.595,8.85,1
418,35.283,-97.424,0,22.8,3,311,-3.006,-0.534,8.973,1
420,35.283,-97.424,0,22.63,3,311,-2.987,-0.487,9.09,1
420,35.283,-97.424,0,22.63,3,311,-2.987,-0.487,9.09,1
421,35.283,-97.424,0.2,22.55,3,311,-3.111,-0.505,9.126,1
422,35.283,-97.424,0.2,22.51,3,311,-3.146,-0.529,9.127,1
423,35.284,-97.424,0.3,22.4,3,311,-3.058,-0.525,9.091,1
424,35.284,-97.424,0.4,22.48,3,311,-2.979,-0.536,9.051,1
425,35.284,-97.424,0.2,22.4,3,311,-2.721,-0.374,9.076,1
426,35.284,-97.424,359.9,22.371,3,310,-2.979,-0.37,9.183,1
427,35.284,-97.424,0,22.511,3,311,-2.842,-0.459,9.362,1
428,35.285,-97.424,0.1,22.49,3,310,-2.832,-0.541,9.381,1
429,35.285,-97.424,359.8,22.171,3,310,-2.657,-0.348,9.292,0
430,35.285,-97.424,359.9,22.09,3,310,-2.762,-0.245,9.209,0
431,35.285,-97.424,0.2,21.831,3,310,-2.915,-0.475,9.317,0
432,35.285,-97.424,0.1,21.901,3,308,-3.084,-0.515,9.025,0
433,35.286,-97.424,0.1,22.111,3,307,-3.112,-0.528,8.973,0
434,35.286,-97.424,0.2,22.341,3,307,-3.083,-0.405,9.296,0
435,35.286,-97.424,0.2,22.431,3,306,-3.047,-0.411,9.397,0
436,35.286,-97.424,0.2,22.64,3,306,-2.942,-0.388,9.183,1
437,35.287,-97.424,359.9,22.48,3,304,-2.858,-0.245,9.329,1
438,35.287,-97.424,0,22.26,3,304,-2.979,-0.264,9.336,1
439,35.287,-97.424,0.1,22.08,3,304,-2.937,-0.387,9.227,1
440,35.287,-97.424,0,21.6,3,304,-3.064,-0.474,8.898,1
441,35.287,-97.424,0.2,21.641,3,303,-3.164,-0.662,9.222,1
442,35.287,-97.424,0.2,21.501,3,304,-3.06,-0.509,8.883,1
443,35.288,-97.424,0.1,21.371,3,304,-3.103,-0.545,8.968,1
444,35.288,-97.424,0,21.341,3,304,-3.207,-0.527,8.908,1
445,35.288,-97.424,0.1,21.472,3,305,-3.194,-0.514,8.919,1
446,35.288,-97.424,0.2,21.401,3,305,-3.193,-0.537,9.052,1
447,35.288,-97.424,0.2,21.321,3,305,-2.955,-0.524,9.398,1
448,35.289,-97.424,0.1,21.071,3,305,-2.853,-0.595,9.311,1
449,35.289,-97.424,359.9,20.641,3,305,-2.83,-0.307,9.161,1
450,35.289,-97.424,359.8,20.211,3,305,-2.359,0.016,9.068,1
451,35.289,-97.424,0,19.702,3,305,-2.181,0.294,9.208,1
452,35.289,-97.424,0.5,18.471,3,306,-2.126,0.13,9.431,1
453,35.29,-97.424,1,17.161,3,306,-2.533,-0.054,9.275,1
454,35.29,-97.424,1.6,16.111,3,306,-2.768,-0.296,9.235,1
455,35.29,-97.424,1.8,15.311,3,305,-2.204,0.027,9.463,1
456,35.29,-97.424,2.2,14.812,3,305,-1.594,0.354,9.421,1
457,35.29,-97.424,1.9,13.131,3,306,-1.575,0.24,9.547,1
458,35.29,-97.424,1.5,11.17,3,306,-1.753,0.311,9.71,1
459,35.29,-97.424,1.1,9.4212,3,306,-2.009,0.221,9.387,1
460,35.29,-97.424,1,7.8204,3,306,-2.512,-0.095,9.216,1
461,35.29,-97.424,0.7,6.7303,3,306,-3.891,-0.792,8.789,1
462,35.29,-97.424,0.2,6.5601,3,307,-4.285,-1.064,8.64,1
463,35.29,-97.424,359.8,7.8108,3,307,-4.355,-1.027,8.732,1
464,35.291,-97.424,0.3,9.0303,3,307,-4.313,-1.056,8.693,1
465,35.291,-97.424,0.4,9.8003,3,307,-4.314,-0.974,8.762,1
466,35.291,-97.424,0,10.98,3,308,-4.028,-0.905,8.433,1
467,35.291,-97.424,359.9,12.32,3,308,-3.996,-0.964,8.643,1
468,35.291,-97.424,359.7,13.42,3,308,-4.171,-1.049,9.028,0
469,35.291,-97.424,359.7,14.65,3,310,-4.18,-0.88,8.929,0
470,35.291,-97.424,359.3,15.71,3,310,-4.112,-1.048,8.478,0
471,35.292,-97.424,358.7,17.79,3,310,-4.119,-1.092,8.665,0
472,35.292,-97.424,358.6,18.83,3,310,-4.031,-0.959,8.726,0
473,35.292,-97.424,358.9,19.72,3,310,-3.818,-0.483,8.955,0
474,35.292,-97.424,359.7,19.98,3,310,-3.85,-0.554,8.861,0
475,35.292,-97.424,0.4,20.59,3,310,-3.53,-0.703,8.875,0
476,35.293,-97.424,0.5,21.24,3,309,-3.49,-0.816,8.818,1
477,35.293,-97.424,0.3,21.74,3,309,-3.336,-0.912,9.064,1
478,35.293,-97.424,0,22.08,3,309,-3.168,-0.432,9.153,1
479,35.293,-97.424,0.2,22.281,3,309,-3.266,-0.644,8.957,1
480,35.293,-97.424,0.2,22.41,3,310,-3.159,-0.518,9.001,1
481,35.294,-97.424,0.4,22.491,3,311,-3.044,-0.641,9.229,1
482,35.294,-97.424,0.2,22.301,3,311,-2.955,-0.537,8.951,1
483,35.294,-97.424,0.3,22.17,3,311,-3.026,-0.521,9.107,1
484,35.294,-97.424,0.2,22.021,3,312,-2.982,-0.485,8.927,1
485,35.294,-97.424,0.2,21.911,3,313,-2.996,-0.551,8.972,1
486,35.295,-97.424,0.1,21.781,3,313,-3.089,-0.505,8.863,1
488,35.295,-97.424,0.1,21.721,3,313,-3.169,-0.599,8.94,1
488,35.295,-97.424,0.1,21.721,3,313,-3.169,-0.599,8.94,1
489,35.295,-97.424,0,21.781,3,314,-3.242,-0.787,9.136,1
490,35.295,-97.424,0.1,21.891,3,314,-3.272,-0.703,9.176,1
491,35.295,-97.424,0.7,21.81,3,315,-3.226,-0.623,9.183,1
492,35.295,-97.424,1,22.07,3,314,-3.043,-0.458,8.994,1
493,35.296,-97.424,0.3,22.081,3,315,-3.08,-0.436,9.008,1
494,35.296,-97.424,0.1,22.141,3,316,-3.093,-0.544,8.971,1
495,35.296,-97.424,0.1,22.161,3,315,-3.179,-0.657,9.022,1
496,35.296,-97.424,0.2,22.211,3,315,-3.142,-0.534,9.229,1
497,35.296,-97.424,0.2,22.011,3,315,-3.107,-0.461,9.044,1
498,35.297,-97.424,0.3,22.081,3,316,-3.15,-0.442,9.11,1
499,35.297,-97.424,0.3,22.07,3,317,-3.153,-0.507,8.859,1
500,35.297,-97.424,0.3,22.32,3,316,-3.188,-0.562,9.106,1
501,35.297,-97.424,0.1,22.48,3,315,-3.142,-0.468,9.014,1
502,35.297,-97.424,0.1,22.65,3,315,-3.019,-0.448,9.152,1
503,35.298,-97.424,0.1,22.7,3,315,-3.142,-0.462,9.292,1
504,35.298,-97.424,0.3,22.75,3,315,-3.063,-0.543,9.304,1
505,35.298,-97.424,0.1,22.751,3,315,-3.075,-0.617,8.978,1
506,35.298,-97.424,0.1,22.63,3,316,-3.044,-0.475,8.998,1
507,35.298,-97.424,0.1,22.721,3,316,-3.222,-0.563,9.409,1
508,35.299,-97.424,0.3,22.69,3,317,-3.256,-0.675,9.2,1
509,35.299,-97.424,0.5,22.801,3,317,-3.27,-0.774,9.276,1
510,35.299,-97.424,0.7,22.82,3,318,-3.211,-0.739,9.247,1
511,35.299,-97.424,1,22.91,3,318,-3.137,-0.685,9.057,0
512,35.3,-97.424,0.5,22.76,3,318,-3.106,-0.604,9.271,0
513,35.3,-97.424,0.1,22.811,3,319,-3.176,-0.47,9.309,0
514,35.3,-97.424,0.3,22.541,3,319,-3.103,-0.525,8.997,0
515,35.3,-97.424,0.4,22.331,3,320,-3.183,-0.668,8.999,0
516,35.3,-97.424,0.5,22.241,3,320,-3.291,-0.715,9.166,0
517,35.301,-97.424,0.8,22.15,3,320,-3.136,-0.568,8.823,0
518,35.301,-97.424,0.7,22.09,3,319,-3.178,-0.661,8.975,1
519,35.301,-97.424,0.4,22.16,3,319,-3.11,-0.404,9.064,1
520,35.301,-97.424,0.1,22.02,3,320,-3.108,-0.225,8.937,1
521,35.301,-97.424,0,22.07,3,319,-3.218,-0.422,9.248,1
522,35.301,-97.424,0.2,21.991,3,320,-3.19,-0.308,9.13,1
523,35.302,-97.424,0.3,21.9,4,320,-3.2,-0.469,9.051,1
524,35.302,-97.424,0.5,21.991,4,319,-3.022,-0.485,9.047,1
525,35.302,-97.424,0.4,21.901,3,319,-3.152,-0.581,9.245,1
526,35.302,-97.424,0.3,21.87,3,319,-3.101,-0.395,8.948,1
527,35.302,-97.424,0.5,21.95,3,319,-3.291,-0.421,9.122,1
528,35.303,-97.424,0.3,21.89,3,319,-3.28,-0.473,9.064,1
529,35.303,-97.424,0.3,21.891,3,320,-3.054,-0.438,9.04,1
530,35.303,-97.424,0.3,21.881,3,320,-2.915,-0.36,9.136,1
531,35.303,-97.424,0,21.541,3,321,-2.965,-0.334,9.164,1
532,35.303,-97.424,0,21.26,4,322,-3.254,-0.51,9.162,1
533,35.304,-97.424,359.9,21.351,4,322,-3.338,-0.502,9.056,1
534,35.304,-97.424,0.4,21.21,4,322,-3.328,-0.389,9.111,1
535,35.304,-97.424,1.1,20.98,4,322,-3.221,-0.334,9.038,1
536,35.304,-97.424,1.2,21.17,4,323,-3.132,-0.302,9.061,1
537,35.304,-97.424,1.6,21.16,4,324,-2.979,-0.409,9.209,1
538,35.305,-97.424,1.8,21.23,3,324,-3.146,-0.419,8.822,1
539,35.305,-97.424,1.2,21.12,3,325,-2.976,-0.48,9.102,1
540,35.305,-97.424,0.3,21.18,3,324,-2.982,-0.272,8.972,1
541,35.305,-97.424,0.3,21.14,3,324,-2.862,-0.325,9.239,1
542,35.306,-97.424,0.4,20.96,3,325,-2.949,-0.304,9.41,1
543,35.306,-97.424,0.1,20.77,3,325,-3.041,-0.481,9.189,1
544,35.306,-97.424,359.5,20.71,3,325,-3.034,-0.622,9.197,1
545,35.306,-97.424,358.7,20.69,3,325,-3.18,-0.664,9.216,1
546,35.306,-97.424,358.4,20.84,3,328,-3.424,-0.329,9.026,1
547,35.307,-97.424,358.7,21.11,3,328,-3.452,-0.252,8.762,1
548,35.307,-97.424,359.3,21.42,3,328,-3.517,-0.244,8.84,1
549,35.307,-97.424,359.8,21.61,3,328,-3.465,-0.454,9.129,1
550,35.307,-97.424,0.2,21.99,3,328,-3.249,-0.607,8.956,1
552,35.307,-97.424,0.2,22.22,3,328,-3.245,-0.443,9.163,1
552,35.307,-97.424,0.2,22.22,3,328,-3.245,-0.443,9.163,1
553,35.308,-97.424,0.1,22.191,3,329,-3.132,-0.319,9.089,1
554,35.308,-97.424,0,22.08,3,329,-3.113,-0.464,9.088,1
555,35.308,-97.424,0,22.15,3,327,-3.012,-0.307,9.142,1
556,35.308,-97.424,0,22.06,3,328,-2.925,-0.356,8.894,1
557,35.308,-97.424,0.4,22.16,3,328,-3.187,-0.588,9.153,1
558,35.309,-97.424,0.3,22.34,3,328,-3.123,-0.658,9.165,1
559,35.309,-97.424,359.9,22.541,3,328,-3.009,-0.453,8.956,1
560,35.309,-97.424,359.7,22.681,3,329,-2.946,-0.266,9.072,1
561,35.309,-97.424,359.7,22.561,3,329,-2.829,-0.272,9.304,1
562,35.309,-97.424,359.5,22.6,3,328,-2.947,-0.293,9.058,1
563,35.31,-97.424,359.7,22.762,3,329,-3.147,-0.342,9.12,1
564,35.31,-97.424,359.7,22.89,3,329,-3.149,-0.268,8.916,1
565,35.31,-97.424,359.9,23,3,329,-2.985,-0.436,9.327,1
566,35.31,-97.424,359.5,23.08,3,328,-2.898,-0.455,9.026,1
567,35.31,-97.424,359.2,23.051,3,329,-2.941,-0.186,9.261,1
568,35.311,-97.424,359.9,23.262,3,327,-2.831,-0.032,9.519,1
569,35.311,-97.424,0.1,23.122,3,327,-2.667,-0.156,9.165,0
570,35.311,-97.424,0.4,23.002,3,327,-2.874,-0.318,9.341,0
571,35.311,-97.424,0.4,22.78,3,326,-2.782,-0.293,9.203,0
572,35.311,-97.424,0.4,22.59,3,325,-2.84,-0.354,9.315,0
573,35.312,-97.424,0.2,22.35,3,325,-2.96,-0.372,9.073,0
574,35.312,-97.424,0,22.24,3,325,-3.111,-0.376,9.232,0
575,35.312,-97.424,0,22.11,3,325,-3.02,-0.331,8.853,0
576,35.312,-97.424,359.8,21.861,3,326,-2.979,-0.505,9.004,1
577,35.312,-97.424,358.8,21.604,4,326,-3.225,-0.405,8.951,1
578,35.313,-97.424,359.2,21.981,4,327,-3.306,-0.552,8.918,1
579,35.313,-97.424,359.9,22.53,3,327,-3.344,-0.667,9.097,1
580,35.313,-97.424,0,22.93,3,327,-3.29,-0.622,9.062,1
581,35.313,-97.424,359.8,23.35,3,326,-3.063,-0.499,9.128,1
582,35.313,-97.424,359.8,23.51,3,325,-2.781,-0.349,9.062,1
583,35.314,-97.424,359.8,23.35,4,326,-2.738,-0.273,9.18,1
584,35.314,-97.424,0.5,23.19,5,325,-2.662,-0.283,9.035,1
585,35.314,-97.424,0,22.58,4,326,-2.883,-0.3,9.427,1
586,35.314,-97.424,0.1,22.21,4,326,-3.076,-0.34,9.039,1
587,35.314,-97.424,0.3,22.05,4,325,-3.294,-0.543,9.151,1
588,35.315,-97.424,0.4,22.2,4,325,-3.238,-0.617,9.191,1
589,35.315,-97.424,0.3,22.26,4,325,-3.082,-0.436,9.353,1
590,35.315,-97.424,359.9,22.15,4,326,-3.108,-0.4,8.91,1
591,35.315,-97.424,359.7,22.03,4,326,-3.158,-0.399,8.975,1
592,35.315,-97.424,0.1,21.931,4,326,-3.241,-0.505,9.201,1
593,35.316,-97.424,0.2,21.911,4,327,-3.087,-0.609,8.877,1
594,35.316,-97.424,359.9,21.921,4,327,-3.112,-0.572,9.229,1
595,35.316,-97.424,359.9,22.02,4,327,-3.074,-0.429,8.981,1
596,35.316,-97.424,0.1,22.04,4,326,-3.193,-0.438,8.995,1
597,35.316,-97.424,0.1,22.1,4,325,-3.168,-0.503,9.192,1
598,35.317,-97.424,0.5,22.19,4,326,-3.138,-0.456,9.026,1
599,35.317,-97.424,1,22.33,4,324,-3.101,-0.536,9,1
600,35.317,-97.424,0.5,22.23,4,324,-3.095,-0.464,9.272,1
601,35.317,-97.424,0.3,22.19,4,324,-3.206,-0.385,9.144,1
602,35.317,-97.424,359.9,22.1,4,324,-3.218,-0.437,9.031,1
603,35.318,-97.424,359.7,21.951,3,325,-3.203,-0.607,9.234,1
604,35.318,-97.424,359.7,21.941,3,326,-3.309,-0.472,9.35,1
605,35.318,-97.424,0.4,22.131,3,326,-3.21,-0.465,9.251,1
606,35.318,-97.424,1,21.82,3,326,-2.906,-0.19,9.099,1
607,35.319,-97.424,0.9,21.342,3,328,-3.177,-0.12,8.962,1
608,35.319,-97.424,1.4,21.081,3,328,-3.12,-0.268,8.968,1
609,35.319,-97.424,1.3,20.881,4,328,-3.089,-0.452,9.089,1
610,35.319,-97.424,1,20.712,4,328,-3.113,-0.379,9.097,1
611,35.319,-97.424,0.7,20.532,3,328,-3.091,-0.505,9.032,1
612,35.32,-97.424,0.4,20.281,3,328,-3.113,-0.436,9.035,1
613,35.32,-97.424,0.4,20.041,3,327,-3.174,-0.465,9.347,1
614,35.32,-97.424,0.5,19.93,4,327,-3.128,-0.317,8.98,1
615,35.32,-97.424,0.2,19.832,4,330,-3.311,-0.622,9.175,1
617,35.32,-97.424,359.5,19.793,3,331,-3.3,-0.695,8.926,1
617,35.32,-97.424,359.5,19.793,3,331,-3.3,-0.695,8.926,1
618,35.32,-97.424,359.5,19.83,4,331,-3.29,-0.593,8.825,1
619,35.321,-97.424,359,20.041,4,331,-3.207,-0.602,8.831,1
620,35.321,-97.424,358.5,19.971,4,332,-3.226,-0.42,9.073,1
621,35.321,-97.424,358.6,19.831,3,333,-3.332,-0.312,9.096,1
622,35.321,-97.424,359.3,19.96,4,333,-3.392,-0.319,9.017,1
623,35.321,-97.424,359.7,20.141,4,333,-3.353,-0.457,9.195,1
624,35.322,-97.424,359.7,20.35,4,333,-3.322,-0.536,8.951,1
625,35.322,-97.424,359.9,20.621,4,334,-3.198,-0.565,8.918,1
626,35.322,-97.424,0.5,20.97,4,334,-3.392,-0.628,8.89,1
627,35.322,-97.424,0.2,21.2,4,334,-3.318,-0.665,8.943,1
628,35.322,-97.424,359.7,21.471,4,334,-3.582,-0.824,9.272,1
629,35.323,-97.424,359.5,21.792,4,335,-3.526,-0.773,9.301,1
630,35.323,-97.424,359.8,22.201,4,336,-3.517,-0.762,9.043,1
631,35.323,-97.424,359.4,22.461,4,337,-3.365,-0.553,9.037,1
632,35.323,-97.424,359.9,22.63,3,336,-2.944,-0.358,9.217,1
633,35.323,-97.424,0.1,22.39,9,336,-3.041,-0.337,9.119,1
634,35.324,-97.424,359.9,22.101,9,338,-3.12,-0.255,9.147,1
635,35.324,-97.424,0.1,22.05,9,338,-3.177,-0.364,8.854,1
636,35.324,-97.424,0.1,22.001,9,339,-3.237,-0.597,9.088,1
637,35.324,-97.424,359.9,22.081,9,338,-3.379,-0.664,9.08,1
638,35.324,-97.424,359.6,22.251,9,340,-3.398,-0.582,8.944,1
639,35.325,-97.424,359.8,22.52,9,342,-3.215,-0.561,9.033,1
640,35.325,-97.424,0,22.73,9,342,-3.236,-0.403,9.076,1
641,35.325,-97.424,359.8,22.69,9,342,-3.1,-0.405,8.997,1
642,35.325,-97.424,359.7,22.62,9,342,-3.153,-0.262,9.145,1
643,35.325,-97.424,359.9,22.52,9,344,-3.197,-0.225,8.995,1
644,35.326,-97.424,0.1,22.53,9,344,-3.211,-0.356,8.998,1
645,35.326,-97.424,0.1,22.6,9,345,-3.151,-0.393,9.025,1
646,35.326,-97.424,0.1,22.75,9,344,-3.183,-0.412,9.085,1
647,35.326,-97.424,0.2,22.95,9,344,-3.161,-0.533,9.118,1
648,35.326,-97.424,0,23.171,9,344,-3.249,-0.462,9.147,1
649,35.327,-97.424,0.1,23.39,9,345,-2.905,-0.356,9.285,1
650,35.327,-97.424,0.1,23.33,9,345,-2.74,-0.149,9.309,1
651,35.327,-97.424,0,23.08,9,345,-2.791,-0.358,9.264,1
652,35.327,-97.424,359.9,23,9,344,-2.955,-0.403,9.145,1
653,35.327,-97.424,359.8,23.02,9,344,-3.005,-0.311,9.253,1
654,35.328,-97.424,359.7,23.01,9,342,-3.061,-0.354,9.13,1
655,35.328,-97.424,0,23.03,9,342,-3.066,-0.292,9.123,1
656,35.328,-97.424,0.1,23.101,9,342,-2.823,-0.259,8.894,1
657,35.328,-97.424,0.1,23.111,9,341,-2.779,-0.308,8.985,1
658,35.328,-97.424,0,22.911,9,341,-2.693,-0.224,8.975,1
659,35.329,-97.424,359.8,22.661,9,340,-2.787,-0.345,9.383,1
660,35.329,-97.424,359.8,22.501,9,339,-2.738,-0.294,9.141,1
661,35.329,-97.424,359.7,22.371,9,339,-2.813,-0.201,9.16,1
662,35.329,-97.424,359.7,22.263,9,338,-2.773,-0.218,9.103,1
663,35.329,-97.424,359.8,22.194,9,336,-2.887,-0.355,9.269,1
664,35.33,-97.424,359.8,22.093,9,335,-2.851,-0.22,9.205,1
665,35.33,-97.424,359.9,21.993,9,334,-3.251,-0.616,9.263,1
666,35.33,-97.424,359.9,22.071,9,334,-3.421,-0.456,9.175,1
667,35.33,-97.424,359.7,22.36,9,333,-3.156,-0.283,9.234,0
668,35.33,-97.424,359.5,22.39,9,333,-3.245,-0.316,9.359,0
669,35.331,-97.424,359.2,22.26,9,333,-3.34,-0.552,9.145,0
670,35.331,-97.424,359,22.32,9,332,-2.946,-0.483,8.966,0
671,35.331,-97.424,356.6,21.71,9,332,-3.183,-0.352,9.042,0
672,35.331,-97.424,354.6,21.532,9,333,-3.141,-0.514,8.995,0
673,35.332,-97.424,353.3,21.251,9,333,-2.96,-0.391,9.19,0
674,35.332,-97.424,352.8,20.65,9,334,-2.979,-0.375,9.23,0
